<?xml version="1.0"?>
<opencv_storage>
<camera>
  <camera_matrix type_id="opencv-matrix">
    <rows>3</rows>
    <cols>3</cols>
    <dt>d</dt>
    <data>
      8.4379359356556120e+02 0. 9.6045698792357746e+02 0.
      8.4169642468249765e+02 7.2516973181457206e+02 0. 0. 1.</data></camera_matrix>
  <distortion_coefficients type_id="opencv-matrix">
    <rows>12</rows>
    <cols>1</cols>
    <dt>d</dt>
    <data>
      1.4384662209855472e+00 8.5887944643796066e-02
      -1.4702987615068606e-04 -1.1224398190635136e-04
      -9.9443369615206893e-03 1.7323364753561379e+00
      3.8594347481219721e-01 -2.3311125504701206e-02
      2.6322461460127498e-04 3.8039252644823254e-05
      -2.4443979731035781e-04 1.0345767628031078e-05</data></distortion_coefficients>
  <flags>49152</flags>
  <imageSize>
    1920 1440</imageSize></camera>
</opencv_storage>
